************
-sigma = 30
************
-PSNR_basic = 36.2365
-RMSE_basic = 3.93293
-PSNR       = 36.1834
-RMSE       = 3.95704
